------------------------------------------------------------
Starting time:  19-Apr-2018   15:50:52
Serial: 0x49467b0c (ID: 0x007b4649)
Current Status: AUX1 AUX3
------------------------------------------------------------
timestamp	R0	R1	R2	R3	R4	R5	R6	R7	R8	R9	R10	R11	Status/control	Status 2
------------------------------------------------------------
1524124253.35	113	3	1	1	-1	-1	-1	-1	-1	-1	-1	-1	0x00000a00	0x00000000
1524124254.36	113	3	2	2	-1	-1	-1	-1	-1	-1	-1	-1	0x00000a00	0x00000000
1524124255.37	113	3	2	2	-1	-1	-1	-1	-1	-1	-1	-1	0x00000a00	0x00000000
1524124256.39	113	3	1	1	-1	-1	-1	-1	-1	-1	-1	-1	0x00000a00	0x00000000
1524124257.35	113	3	1	1	-1	-1	-1	-1	-1	-1	-1	-1	0x00000a00	0x00000000
1524124258.37	113	3	1	1	-1	-1	-1	-1	-1	-1	-1	-1	0x00000a00	0x00000000
1524124259.38	113	3	1	1	-1	-1	-1	-1	-1	-1	-1	-1	0x00000a00	0x00000000
1524124260.35	113	3	1	1	-1	-1	-1	-1	-1	-1	-1	-1	0x00000a00	0x00000000
1524124261.36	113	3	1	1	-1	-1	-1	-1	-1	-1	-1	-1	0x00000a00	0x00000000
1524124262.37	113	3	1	1	-1	-1	-1	-1	-1	-1	-1	-1	0x00000a00	0x00000000
1524124263.39	113	3	1	1	-1	-1	-1	-1	-1	-1	-1	-1	0x00000a00	0x00000000
1524124264.35	113	3	2	2	-1	-1	-1	-1	-1	-1	-1	-1	0x00000a00	0x00000000
1524124265.37	113	3	2	2	-1	-1	-1	-1	-1	-1	-1	-1	0x00000a00	0x00000000
1524124266.38	113	3	2	2	-1	-1	-1	-1	-1	-1	-1	-1	0x00000a00	0x00000000
1524124267.35	113	3	2	2	-1	-1	-1	-1	-1	-1	-1	-1	0x00000a00	0x00000000
1524124268.36	113	3	2	2	-1	-1	-1	-1	-1	-1	-1	-1	0x00000a00	0x00000000
1524124269.37	113	3	2	2	-1	-1	-1	-1	-1	-1	-1	-1	0x00000a00	0x00000000
1524124270.39	113	3	1	1	-1	-1	-1	-1	-1	-1	-1	-1	0x00000a00	0x00000000
1524124271.35	113	3	1	1	-1	-1	-1	-1	-1	-1	-1	-1	0x00000a00	0x00000000
1524124272.37	113	3	2	2	-1	-1	-1	-1	-1	-1	-1	-1	0x00000a00	0x00000000
1524124273.38	113	3	2	2	-1	-1	-1	-1	-1	-1	-1	-1	0x00000a00	0x00000000
1524124274.35	113	3	1	1	-1	-1	-1	-1	-1	-1	-1	-1	0x00000a00	0x00000000
1524124275.36	113	3	1	1	-1	-1	-1	-1	-1	-1	-1	-1	0x00000a00	0x00000000
1524124276.37	113	3	2	2	-1	-1	-1	-1	-1	-1	-1	-1	0x00000a00	0x00000000
1524124277.39	112	3	2	2	-1	-1	-1	-1	-1	-1	-1	-1	0x00000a00	0x00000000
1524124278.35	112	3	1	1	-1	-1	-1	-1	-1	-1	-1	-1	0x00000a00	0x00000000
1524124279.37	112	3	1	1	-1	-1	-1	-1	-1	-1	-1	-1	0x00000a00	0x00000000
1524124280.38	112	3	2	2	-1	-1	-1	-1	-1	-1	-1	-1	0x00000a00	0x00000000
1524124281.35	112	3	2	2	-1	-1	-1	-1	-1	-1	-1	-1	0x00000a00	0x00000000
1524124282.36	112	3	2	2	-1	-1	-1	-1	-1	-1	-1	-1	0x00000a00	0x00000000
1524124283.37	112	3	2	2	-1	-1	-1	-1	-1	-1	-1	-1	0x00000a00	0x00000000
1524124284.39	112	3	2	2	-1	-1	-1	-1	-1	-1	-1	-1	0x00000a00	0x00000000
1524124285.35	112	3	2	2	-1	-1	-1	-1	-1	-1	-1	-1	0x00000a00	0x00000000
1524124286.37	112	3	2	2	-1	-1	-1	-1	-1	-1	-1	-1	0x00000a00	0x00000000
1524124287.38	112	3	2	2	-1	-1	-1	-1	-1	-1	-1	-1	0x00000a00	0x00000000
1524124288.35	112	3	1	1	-1	-1	-1	-1	-1	-1	-1	-1	0x00000a00	0x00000000
1524124289.36	112	3	1	1	-1	-1	-1	-1	-1	-1	-1	-1	0x00000a00	0x00000000
1524124290.37	112	3	2	2	-1	-1	-1	-1	-1	-1	-1	-1	0x00000a00	0x00000000
1524124291.39	112	3	2	2	-1	-1	-1	-1	-1	-1	-1	-1	0x00000a00	0x00000000
1524124292.35	112	3	1	1	-1	-1	-1	-1	-1	-1	-1	-1	0x00000a00	0x00000000
1524124293.37	112	3	1	1	-1	-1	-1	-1	-1	-1	-1	-1	0x00000a00	0x00000000
1524124294.38	112	3	2	2	-1	-1	-1	-1	-1	-1	-1	-1	0x00000a00	0x00000000
1524124295.35	112	3	2	2	-1	-1	-1	-1	-1	-1	-1	-1	0x00000a00	0x00000000
1524124296.36	112	3	1	1	-1	-1	-1	-1	-1	-1	-1	-1	0x00000a00	0x00000000
1524124297.37	112	3	1	1	-1	-1	-1	-1	-1	-1	-1	-1	0x00000a00	0x00000000
1524124298.39	112	3	1	1	-1	-1	-1	-1	-1	-1	-1	-1	0x00000a00	0x00000000
1524124299.35	112	3	1	1	-1	-1	-1	-1	-1	-1	-1	-1	0x00000a00	0x00000000
1524124300.37	112	3	1	1	-1	-1	-1	-1	-1	-1	-1	-1	0x00000a00	0x00000000
1524124301.38	112	3	1	1	-1	-1	-1	-1	-1	-1	-1	-1	0x00000a00	0x00000000
1524124302.35	112	3	2	2	-1	-1	-1	-1	-1	-1	-1	-1	0x00000a00	0x00000000
1524124303.36	112	3	2	2	-1	-1	-1	-1	-1	-1	-1	-1	0x00000a00	0x00000000
1524124304.37	112	3	2	2	-1	-1	-1	-1	-1	-1	-1	-1	0x00000a00	0x00000000
1524124305.39	112	3	2	2	-1	-1	-1	-1	-1	-1	-1	-1	0x00000a00	0x00000000
1524124306.35	112	3	2	2	-1	-1	-1	-1	-1	-1	-1	-1	0x00000a00	0x00000000
1524124307.37	112	3	2	2	-1	-1	-1	-1	-1	-1	-1	-1	0x00000a00	0x00000000
1524124308.38	112	3	1	1	-1	-1	-1	-1	-1	-1	-1	-1	0x00000a00	0x00000000
1524124309.35	112	3	1	1	-1	-1	-1	-1	-1	-1	-1	-1	0x00000a00	0x00000000
1524124310.36	112	3	1	1	-1	-1	-1	-1	-1	-1	-1	-1	0x00000a00	0x00000000
1524124311.37	112	3	1	1	-1	-1	-1	-1	-1	-1	-1	-1	0x00000a00	0x00000000
1524124312.39	112	3	1	1	-1	-1	-1	-1	-1	-1	-1	-1	0x00000a00	0x00000000
1524124313.35	112	3	1	1	-1	-1	-1	-1	-1	-1	-1	-1	0x00000a00	0x00000000
1524124314.37	112	3	1	1	-1	-1	-1	-1	-1	-1	-1	-1	0x00000a00	0x00000000
1524124315.38	112	3	1	1	-1	-1	-1	-1	-1	-1	-1	-1	0x00000a00	0x00000000
1524124316.35	112	3	1	1	-1	-1	-1	-1	-1	-1	-1	-1	0x00000a00	0x00000000
1524124317.36	112	3	1	1	-1	-1	-1	-1	-1	-1	-1	-1	0x00000a00	0x00000000
1524124318.37	112	3	3	3	-1	-1	-1	-1	-1	-1	-1	-1	0x00000a00	0x00000000
1524124319.39	112	3	3	3	-1	-1	-1	-1	-1	-1	-1	-1	0x00000a00	0x00000000
1524124320.35	112	3	3	3	-1	-1	-1	-1	-1	-1	-1	-1	0x00000a00	0x00000000
1524124321.37	112	3	3	3	-1	-1	-1	-1	-1	-1	-1	-1	0x00000a00	0x00000000
1524124322.38	112	3	4	4	-1	-1	-1	-1	-1	-1	-1	-1	0x00000a00	0x00000000
1524124323.35	112	3	4	4	-1	-1	-1	-1	-1	-1	-1	-1	0x00000a00	0x00000000
1524124324.36	112	4	6	6	-1	-1	-1	-1	-1	-1	-1	-1	0x00000a00	0x00000000
1524124325.37	112	4	6	6	-1	-1	-1	-1	-1	-1	-1	-1	0x00000a00	0x00000000
1524124326.39	112	4	5	5	-1	-1	-1	-1	-1	-1	-1	-1	0x00000a00	0x00000000
1524124327.35	112	4	5	5	-1	-1	-1	-1	-1	-1	-1	-1	0x00000a00	0x00000000
1524124328.37	112	4	6	6	-1	-1	-1	-1	-1	-1	-1	-1	0x00000a00	0x00000000
1524124329.38	112	4	6	6	-1	-1	-1	-1	-1	-1	-1	-1	0x00000a00	0x00000000
1524124330.35	112	4	6	6	-1	-1	-1	-1	-1	-1	-1	-1	0x00000a00	0x00000000
1524124331.36	112	4	6	6	-1	-1	-1	-1	-1	-1	-1	-1	0x00000a00	0x00000000
1524124332.37	112	4	6	6	-1	-1	-1	-1	-1	-1	-1	-1	0x00000a00	0x00000000
1524124333.39	112	4	6	6	-1	-1	-1	-1	-1	-1	-1	-1	0x00000a00	0x00000000
1524124334.35	112	4	7	7	-1	-1	-1	-1	-1	-1	-1	-1	0x00000a00	0x00000000
1524124335.37	112	4	7	7	-1	-1	-1	-1	-1	-1	-1	-1	0x00000a00	0x00000000
1524124336.38	112	4	8	8	-1	-1	-1	-1	-1	-1	-1	-1	0x00000a00	0x00000000
1524124337.35	112	4	8	8	-1	-1	-1	-1	-1	-1	-1	-1	0x00000a00	0x00000000
1524124338.36	112	4	9	9	-1	-1	-1	-1	-1	-1	-1	-1	0x00000a00	0x00000000
1524124339.37	112	4	9	9	-1	-1	-1	-1	-1	-1	-1	-1	0x00000a00	0x00000000
1524124340.39	112	4	10	10	-1	-1	-1	-1	-1	-1	-1	-1	0x00000a00	0x00000000
1524124341.35	112	4	10	10	-1	-1	-1	-1	-1	-1	-1	-1	0x00000a00	0x00000000
1524124342.37	112	4	13	13	-1	-1	-1	-1	-1	-1	-1	-1	0x00000a00	0x00000000
1524124343.38	112	4	13	13	-1	-1	-1	-1	-1	-1	-1	-1	0x00000a00	0x00000000
1524124344.35	112	4	14	14	-1	-1	-1	-1	-1	-1	-1	-1	0x00000a00	0x00000000
1524124345.36	112	4	14	14	-1	-1	-1	-1	-1	-1	-1	-1	0x00000a00	0x00000000
1524124346.37	112	4	15	15	-1	-1	-1	-1	-1	-1	-1	-1	0x00000a00	0x00000000
1524124347.39	112	4	15	15	-1	-1	-1	-1	-1	-1	-1	-1	0x00000a00	0x00000000
1524124348.35	112	4	14	14	-1	-1	-1	-1	-1	-1	-1	-1	0x00000a00	0x00000000
1524124349.37	112	4	14	14	-1	-1	-1	-1	-1	-1	-1	-1	0x00000a00	0x00000000
1524124350.38	112	4	14	14	-1	-1	-1	-1	-1	-1	-1	-1	0x00000a00	0x00000000
1524124351.35	112	4	14	14	-1	-1	-1	-1	-1	-1	-1	-1	0x00000a00	0x00000000
1524124352.36	112	4	16	16	-1	-1	-1	-1	-1	-1	-1	-1	0x00000a00	0x00000000
1524124353.37	112	4	16	16	-1	-1	-1	-1	-1	-1	-1	-1	0x00000a00	0x00000000
1524124354.39	112	4	17	17	-1	-1	-1	-1	-1	-1	-1	-1	0x00000a00	0x00000000
1524124355.35	112	4	17	17	-1	-1	-1	-1	-1	-1	-1	-1	0x00000a00	0x00000000
1524124356.37	112	4	19	19	-1	-1	-1	-1	-1	-1	-1	-1	0x00000a00	0x00000000
1524124357.38	112	4	19	19	-1	-1	-1	-1	-1	-1	-1	-1	0x00000a00	0x00000000
1524124358.35	112	4	21	21	-1	-1	-1	-1	-1	-1	-1	-1	0x00000a00	0x00000000
1524124359.36	112	4	21	21	-1	-1	-1	-1	-1	-1	-1	-1	0x00000a00	0x00000000
1524124360.37	112	4	21	21	-1	-1	-1	-1	-1	-1	-1	-1	0x00000a00	0x00000000
1524124361.39	112	4	21	21	-1	-1	-1	-1	-1	-1	-1	-1	0x00000a00	0x00000000
1524124362.35	112	4	23	23	-1	-1	-1	-1	-1	-1	-1	-1	0x00000a00	0x00000000
1524124363.37	112	4	23	23	-1	-1	-1	-1	-1	-1	-1	-1	0x00000a00	0x00000000
1524124364.38	112	4	25	25	-1	-1	-1	-1	-1	-1	-1	-1	0x00000a00	0x00000000
1524124365.35	112	4	25	25	-1	-1	-1	-1	-1	-1	-1	-1	0x00000a00	0x00000000
1524124366.36	112	4	29	29	-1	-1	-1	-1	-1	-1	-1	-1	0x00000a00	0x00000000
1524124367.37	112	4	29	29	-1	-1	-1	-1	-1	-1	-1	-1	0x00000a00	0x00000000
1524124368.39	112	4	30	30	-1	-1	-1	-1	-1	-1	-1	-1	0x00000a00	0x00000000
1524124369.35	112	4	30	30	-1	-1	-1	-1	-1	-1	-1	-1	0x00000a00	0x00000000
1524124370.37	112	4	31	31	-1	-1	-1	-1	-1	-1	-1	-1	0x00000a00	0x00000000
1524124371.38	112	4	31	31	-1	-1	-1	-1	-1	-1	-1	-1	0x00000a00	0x00000000
1524124372.35	112	4	33	33	-1	-1	-1	-1	-1	-1	-1	-1	0x00000a00	0x00000000
1524124373.36	112	4	33	33	-1	-1	-1	-1	-1	-1	-1	-1	0x00000a00	0x00000000
1524124374.37	112	4	34	34	-1	-1	-1	-1	-1	-1	-1	-1	0x00000a00	0x00000000
1524124375.39	112	4	34	34	-1	-1	-1	-1	-1	-1	-1	-1	0x00000a00	0x00000000
1524124376.35	112	4	35	35	-1	-1	-1	-1	-1	-1	-1	-1	0x00000a00	0x00000000
1524124377.37	112	4	35	35	-1	-1	-1	-1	-1	-1	-1	-1	0x00000a00	0x00000000
1524124378.38	112	4	36	36	-1	-1	-1	-1	-1	-1	-1	-1	0x00000a00	0x00000000
1524124379.35	112	4	36	36	-1	-1	-1	-1	-1	-1	-1	-1	0x00000a00	0x00000000
1524124380.36	112	4	40	40	-1	-1	-1	-1	-1	-1	-1	-1	0x00000a00	0x00000000
1524124381.37	112	4	40	40	-1	-1	-1	-1	-1	-1	-1	-1	0x00000a00	0x00000000
1524124382.39	112	4	42	42	-1	-1	-1	-1	-1	-1	-1	-1	0x00000a00	0x00000000
1524124383.35	112	4	42	42	-1	-1	-1	-1	-1	-1	-1	-1	0x00000a00	0x00000000
1524124384.37	112	4	42	42	-1	-1	-1	-1	-1	-1	-1	-1	0x00000a00	0x00000000
1524124385.38	112	4	42	42	-1	-1	-1	-1	-1	-1	-1	-1	0x00000a00	0x00000000
1524124386.35	112	4	43	43	-1	-1	-1	-1	-1	-1	-1	-1	0x00000a00	0x00000000
1524124387.36	112	4	43	43	-1	-1	-1	-1	-1	-1	-1	-1	0x00000a00	0x00000000
1524124388.37	112	4	45	45	-1	-1	-1	-1	-1	-1	-1	-1	0x00000a00	0x00000000
1524124389.39	112	4	45	45	-1	-1	-1	-1	-1	-1	-1	-1	0x00000a00	0x00000000
1524124390.35	112	4	48	48	-1	-1	-1	-1	-1	-1	-1	-1	0x00000a00	0x00000000
1524124391.37	112	4	48	48	-1	-1	-1	-1	-1	-1	-1	-1	0x00000a00	0x00000000
1524124392.38	112	4	47	47	-1	-1	-1	-1	-1	-1	-1	-1	0x00000a00	0x00000000
1524124393.35	112	4	47	47	-1	-1	-1	-1	-1	-1	-1	-1	0x00000a00	0x00000000
1524124394.36	112	4	50	50	-1	-1	-1	-1	-1	-1	-1	-1	0x00000a00	0x00000000
1524124395.37	112	4	50	50	-1	-1	-1	-1	-1	-1	-1	-1	0x00000a00	0x00000000
1524124396.39	112	4	50	50	-1	-1	-1	-1	-1	-1	-1	-1	0x00000a00	0x00000000
1524124397.36	112	4	50	50	-1	-1	-1	-1	-1	-1	-1	-1	0x00000a00	0x00000000
1524124398.37	112	4	51	51	-1	-1	-1	-1	-1	-1	-1	-1	0x00000a00	0x00000000
1524124399.39	112	4	51	51	-1	-1	-1	-1	-1	-1	-1	-1	0x00000a00	0x00000000
1524124400.35	112	4	54	54	-1	-1	-1	-1	-1	-1	-1	-1	0x00000a00	0x00000000
1524124401.37	112	4	54	54	-1	-1	-1	-1	-1	-1	-1	-1	0x00000a00	0x00000000
1524124402.38	112	4	53	53	-1	-1	-1	-1	-1	-1	-1	-1	0x00000a00	0x00000000
1524124403.34	112	4	53	53	-1	-1	-1	-1	-1	-1	-1	-1	0x00000a00	0x00000000
1524124404.36	112	4	56	56	-1	-1	-1	-1	-1	-1	-1	-1	0x00000a00	0x00000000
1524124405.37	112	4	56	56	-1	-1	-1	-1	-1	-1	-1	-1	0x00000a00	0x00000000
1524124406.39	112	4	58	58	-1	-1	-1	-1	-1	-1	-1	-1	0x00000a00	0x00000000
1524124407.35	112	4	58	58	-1	-1	-1	-1	-1	-1	-1	-1	0x00000a00	0x00000000
1524124408.37	112	4	58	58	-1	-1	-1	-1	-1	-1	-1	-1	0x00000a00	0x00000000
1524124409.38	112	4	58	58	-1	-1	-1	-1	-1	-1	-1	-1	0x00000a00	0x00000000
1524124410.34	112	4	59	59	-1	-1	-1	-1	-1	-1	-1	-1	0x00000a00	0x00000000
1524124411.36	112	4	59	59	-1	-1	-1	-1	-1	-1	-1	-1	0x00000a00	0x00000000
1524124412.37	112	4	61	61	-1	-1	-1	-1	-1	-1	-1	-1	0x00000a00	0x00000000
1524124413.39	112	4	61	61	-1	-1	-1	-1	-1	-1	-1	-1	0x00000a00	0x00000000
1524124414.35	112	4	62	62	-1	-1	-1	-1	-1	-1	-1	-1	0x00000a00	0x00000000
1524124415.37	112	4	62	62	-1	-1	-1	-1	-1	-1	-1	-1	0x00000a00	0x00000000
1524124416.38	112	4	68	68	-1	-1	-1	-1	-1	-1	-1	-1	0x00000a00	0x00000000
1524124417.35	112	4	68	68	-1	-1	-1	-1	-1	-1	-1	-1	0x00000a00	0x00000000
1524124418.36	112	4	66	66	-1	-1	-1	-1	-1	-1	-1	-1	0x00000a00	0x00000000
1524124419.37	112	4	66	66	-1	-1	-1	-1	-1	-1	-1	-1	0x00000a00	0x00000000
1524124420.39	112	4	69	69	-1	-1	-1	-1	-1	-1	-1	-1	0x00000a00	0x00000000
1524124421.35	112	4	69	69	-1	-1	-1	-1	-1	-1	-1	-1	0x00000a00	0x00000000
1524124422.37	112	4	70	70	-1	-1	-1	-1	-1	-1	-1	-1	0x00000a00	0x00000000
1524124423.38	112	4	70	70	-1	-1	-1	-1	-1	-1	-1	-1	0x00000a00	0x00000000
1524124424.35	112	4	70	70	-1	-1	-1	-1	-1	-1	-1	-1	0x00000a00	0x00000000
1524124425.36	112	4	70	70	-1	-1	-1	-1	-1	-1	-1	-1	0x00000a00	0x00000000
1524124426.37	112	4	74	74	-1	-1	-1	-1	-1	-1	-1	-1	0x00000a00	0x00000000
1524124427.39	112	4	74	74	-1	-1	-1	-1	-1	-1	-1	-1	0x00000a00	0x00000000
1524124428.35	112	4	75	75	-1	-1	-1	-1	-1	-1	-1	-1	0x00000a00	0x00000000
1524124429.37	112	4	75	75	-1	-1	-1	-1	-1	-1	-1	-1	0x40000a00	0x00000000
1524124430.61	112	4	74	74	-1	-1	-1	-1	-1	-1	-1	-1	0x40000a00	0x00000000
1524124431.35	112	4	74	74	-1	-1	-1	-1	-1	-1	-1	-1	0x40000a00	0x00000000
1524124432.36	112	4	77	77	-1	-1	-1	-1	-1	-1	-1	-1	0x40000a00	0x00000000
1524124433.37	112	4	77	77	-1	-1	-1	-1	-1	-1	-1	-1	0x40000a00	0x00000000
1524124434.39	112	4	80	80	-1	-1	-1	-1	-1	-1	-1	-1	0x40000a00	0x00000000
1524124435.35	112	4	80	80	-1	-1	-1	-1	-1	-1	-1	-1	0x40000a00	0x00000000
1524124436.37	112	4	82	82	-1	-1	-1	-1	-1	-1	-1	-1	0x40000a00	0x00000000
1524124437.38	112	4	82	82	-1	-1	-1	-1	-1	-1	-1	-1	0x40000a00	0x00000000
1524124438.35	112	4	84	84	-1	-1	-1	-1	-1	-1	-1	-1	0x40000a00	0x00000000
1524124439.36	112	4	84	84	-1	-1	-1	-1	-1	-1	-1	-1	0x40000a00	0x00000000
1524124440.37	112	4	83	83	-1	-1	-1	-1	-1	-1	-1	-1	0x40000a00	0x00000000
1524124441.39	112	4	83	83	-1	-1	-1	-1	-1	-1	-1	-1	0x40000a00	0x00000000
1524124442.35	112	4	84	84	-1	-1	-1	-1	-1	-1	-1	-1	0x40000a00	0x00000000
1524124443.37	112	4	84	84	-1	-1	-1	-1	-1	-1	-1	-1	0x40000a00	0x00000000
1524124444.38	112	4	84	84	-1	-1	-1	-1	-1	-1	-1	-1	0x40000a00	0x00000000
1524124445.35	112	4	84	84	-1	-1	-1	-1	-1	-1	-1	-1	0x40000a00	0x00000000
1524124446.36	112	4	86	86	-1	-1	-1	-1	-1	-1	-1	-1	0x40000a00	0x00000000
1524124447.37	112	4	86	86	-1	-1	-1	-1	-1	-1	-1	-1	0x40000a00	0x00000000
1524124448.39	112	4	86	86	-1	-1	-1	-1	-1	-1	-1	-1	0x40000a00	0x00000000
1524124449.35	112	4	86	86	-1	-1	-1	-1	-1	-1	-1	-1	0x40000a00	0x00000000
1524124450.37	112	4	88	88	-1	-1	-1	-1	-1	-1	-1	-1	0x40000a00	0x00000000
1524124451.38	112	4	88	88	-1	-1	-1	-1	-1	-1	-1	-1	0x40000a00	0x00000000
1524124452.35	112	4	89	89	-1	-1	-1	-1	-1	-1	-1	-1	0x40000a00	0x00000000
1524124453.36	112	4	89	89	-1	-1	-1	-1	-1	-1	-1	-1	0x40000a00	0x00000000
1524124454.37	112	4	90	90	-1	-1	-1	-1	-1	-1	-1	-1	0x40000a00	0x00000000
1524124455.39	112	4	90	90	-1	-1	-1	-1	-1	-1	-1	-1	0x40000a00	0x00000000
1524124456.35	112	4	94	94	-1	-1	-1	-1	-1	-1	-1	-1	0x40000a00	0x00000000
1524124457.37	111	4	94	94	-1	-1	-1	-1	-1	-1	-1	-1	0x40000a00	0x00000000
1524124458.38	112	4	96	96	-1	-1	-1	-1	-1	-1	-1	-1	0x40000a00	0x00000000
1524124459.35	112	4	96	96	-1	-1	-1	-1	-1	-1	-1	-1	0x40000a00	0x00000000
1524124460.36	111	4	96	96	-1	-1	-1	-1	-1	-1	-1	-1	0x40000a00	0x00000000
1524124461.37	112	4	96	96	-1	-1	-1	-1	-1	-1	-1	-1	0x40000a00	0x00000000
1524124462.39	111	4	98	98	-1	-1	-1	-1	-1	-1	-1	-1	0x40000a00	0x00000000
1524124463.35	111	4	98	98	-1	-1	-1	-1	-1	-1	-1	-1	0x40000a00	0x00000000
1524124464.37	111	4	98	98	-1	-1	-1	-1	-1	-1	-1	-1	0x40000a00	0x00000000
1524124465.38	111	4	98	98	-1	-1	-1	-1	-1	-1	-1	-1	0x40000a00	0x00000000
1524124466.35	111	4	99	99	-1	-1	-1	-1	-1	-1	-1	-1	0x40000a00	0x00000000
1524124467.36	111	4	99	99	-1	-1	-1	-1	-1	-1	-1	-1	0x40000a00	0x00000000
1524124468.37	111	4	99	99	-1	-1	-1	-1	-1	-1	-1	-1	0x40000a00	0x00000000
1524124469.39	111	4	99	99	-1	-1	-1	-1	-1	-1	-1	-1	0x40000a00	0x00000000
1524124470.35	111	4	102	102	-1	-1	-1	-1	-1	-1	-1	-1	0x40000a00	0x00000000
1524124471.37	111	4	102	102	-1	-1	-1	-1	-1	-1	-1	-1	0x40000a00	0x00000000
1524124472.38	111	4	101	101	-1	-1	-1	-1	-1	-1	-1	-1	0x40000a00	0x00000000
1524124473.35	111	4	101	101	-1	-1	-1	-1	-1	-1	-1	-1	0x40000a00	0x00000000
1524124474.36	111	4	102	102	-1	-1	-1	-1	-1	-1	-1	-1	0x40000a00	0x00000000
1524124475.37	111	4	102	102	-1	-1	-1	-1	-1	-1	-1	-1	0x40000a00	0x00000000
1524124476.39	111	4	101	101	-1	-1	-1	-1	-1	-1	-1	-1	0x40000a00	0x00000000
1524124477.35	111	4	101	101	-1	-1	-1	-1	-1	-1	-1	-1	0x40000a00	0x00000000
1524124478.37	111	4	104	104	-1	-1	-1	-1	-1	-1	-1	-1	0x40000a00	0x00000000
1524124479.38	111	4	104	104	-1	-1	-1	-1	-1	-1	-1	-1	0x40000a00	0x00000000
1524124480.35	111	4	106	106	-1	-1	-1	-1	-1	-1	-1	-1	0x40000a00	0x00000000
1524124481.36	111	4	106	106	-1	-1	-1	-1	-1	-1	-1	-1	0x40000a00	0x00000000
1524124482.37	111	4	108	108	-1	-1	-1	-1	-1	-1	-1	-1	0x40000a00	0x00000000
1524124483.39	111	4	108	108	-1	-1	-1	-1	-1	-1	-1	-1	0x40000a00	0x00000000
1524124484.35	111	4	110	110	-1	-1	-1	-1	-1	-1	-1	-1	0x40000a00	0x00000000
1524124485.37	111	4	110	110	-1	-1	-1	-1	-1	-1	-1	-1	0x40000a00	0x00000000
1524124486.38	111	4	109	109	-1	-1	-1	-1	-1	-1	-1	-1	0x40000a00	0x00000000
1524124487.35	111	4	109	109	-1	-1	-1	-1	-1	-1	-1	-1	0x80000a00	0x00000000
1524124488.87	111	4	110	110	-1	-1	-1	-1	-1	-1	-1	-1	0x80000a00	0x00000000
1524124489.38	111	4	110	110	-1	-1	-1	-1	-1	-1	-1	-1	0x80000a00	0x00000000
1524124490.39	111	4	112	112	-1	-1	-1	-1	-1	-1	-1	-1	0x80000a00	0x00000000
1524124491.35	111	4	112	112	-1	-1	-1	-1	-1	-1	-1	-1	0x80000a00	0x00000000
1524124492.37	111	4	113	113	-1	-1	-1	-1	-1	-1	-1	-1	0x80000a00	0x00000000
1524124493.38	111	4	113	113	-1	-1	-1	-1	-1	-1	-1	-1	0x80000a00	0x00000000
1524124494.35	111	4	114	114	-1	-1	-1	-1	-1	-1	-1	-1	0x80000a00	0x00000000
1524124495.36	111	4	114	114	-1	-1	-1	-1	-1	-1	-1	-1	0x80000a00	0x00000000
1524124496.37	111	4	115	115	-1	-1	-1	-1	-1	-1	-1	-1	0x80000a00	0x00000000
1524124497.39	111	4	115	115	-1	-1	-1	-1	-1	-1	-1	-1	0x80000a00	0x00000000
1524124498.35	111	4	117	117	-1	-1	-1	-1	-1	-1	-1	-1	0x80000a00	0x00000000
1524124499.37	111	4	117	117	-1	-1	-1	-1	-1	-1	-1	-1	0x80000a00	0x00000000
1524124500.38	111	4	120	120	-1	-1	-1	-1	-1	-1	-1	-1	0x80000a00	0x00000000
1524124501.35	111	4	120	120	-1	-1	-1	-1	-1	-1	-1	-1	0x80000a00	0x00000000
1524124502.36	111	4	119	119	-1	-1	-1	-1	-1	-1	-1	-1	0x80000a00	0x00000000
1524124503.37	111	4	119	119	-1	-1	-1	-1	-1	-1	-1	-1	0x80000a00	0x00000000
1524124504.39	111	4	121	121	-1	-1	-1	-1	-1	-1	-1	-1	0x80000a00	0x00000000
1524124505.35	111	4	121	121	-1	-1	-1	-1	-1	-1	-1	-1	0x80000a00	0x00000000
1524124506.37	111	4	123	123	-1	-1	-1	-1	-1	-1	-1	-1	0x80000a00	0x00000000
1524124507.38	111	4	123	123	-1	-1	-1	-1	-1	-1	-1	-1	0x80000a00	0x00000000
1524124508.35	111	4	122	122	-1	-1	-1	-1	-1	-1	-1	-1	0x80000a00	0x00000000
1524124509.36	111	4	122	122	-1	-1	-1	-1	-1	-1	-1	-1	0x80000a00	0x00000000
1524124510.37	111	4	123	123	-1	-1	-1	-1	-1	-1	-1	-1	0x80000a00	0x00000000
1524124511.39	111	4	123	123	-1	-1	-1	-1	-1	-1	-1	-1	0x80000a00	0x00000000
1524124512.35	111	4	126	126	-1	-1	-1	-1	-1	-1	-1	-1	0x80000a00	0x00000000
1524124513.37	111	4	126	126	-1	-1	-1	-1	-1	-1	-1	-1	0x80000a00	0x00000000
1524124514.38	111	4	128	128	-1	-1	-1	-1	-1	-1	-1	-1	0x80000a00	0x00000000
1524124515.35	111	4	128	128	-1	-1	-1	-1	-1	-1	-1	-1	0x80000a00	0x00000000
1524124516.36	111	4	128	128	-1	-1	-1	-1	-1	-1	-1	-1	0x80000a00	0x00000000
1524124517.37	111	4	128	128	-1	-1	-1	-1	-1	-1	-1	-1	0x80000a00	0x00000000
1524124518.39	111	4	129	129	-1	-1	-1	-1	-1	-1	-1	-1	0x80000a00	0x00000000
1524124519.35	111	4	129	129	-1	-1	-1	-1	-1	-1	-1	-1	0x80000a00	0x00000000
1524124520.37	111	4	127	127	-1	-1	-1	-1	-1	-1	-1	-1	0x80000a00	0x00000000
1524124521.38	111	4	127	127	-1	-1	-1	-1	-1	-1	-1	-1	0x80000a00	0x00000000
1524124522.35	111	4	129	129	-1	-1	-1	-1	-1	-1	-1	-1	0x80000a00	0x00000000
1524124523.36	111	4	129	129	-1	-1	-1	-1	-1	-1	-1	-1	0x80000a00	0x00000000
1524124524.37	111	4	132	132	-1	-1	-1	-1	-1	-1	-1	-1	0x80000a00	0x00000000
1524124525.39	111	4	132	132	-1	-1	-1	-1	-1	-1	-1	-1	0x80000a00	0x00000000
1524124526.35	111	4	134	134	-1	-1	-1	-1	-1	-1	-1	-1	0x80000a00	0x00000000
1524124527.37	111	4	134	134	-1	-1	-1	-1	-1	-1	-1	-1	0x80000a00	0x00000000
1524124528.38	111	4	132	132	-1	-1	-1	-1	-1	-1	-1	-1	0x80000a00	0x00000000
1524124529.34	111	4	132	132	-1	-1	-1	-1	-1	-1	-1	-1	0x80000a00	0x00000000
1524124530.36	111	4	132	132	-1	-1	-1	-1	-1	-1	-1	-1	0x80000a00	0x00000000
1524124531.37	111	4	132	132	-1	-1	-1	-1	-1	-1	-1	-1	0x80000a00	0x00000000
1524124532.41	111	4	134	134	-1	-1	-1	-1	-1	-1	-1	-1	0x80000a00	0x00000000
1524124533.35	111	4	134	134	-1	-1	-1	-1	-1	-1	-1	-1	0x80000a00	0x00000000
1524124534.37	111	4	137	137	-1	-1	-1	-1	-1	-1	-1	-1	0x80000a00	0x00000000
1524124535.38	111	4	137	137	-1	-1	-1	-1	-1	-1	-1	-1	0x80000a00	0x00000000
1524124536.35	111	4	137	137	-1	-1	-1	-1	-1	-1	-1	-1	0x80000a00	0x00000000
1524124537.36	111	4	137	137	-1	-1	-1	-1	-1	-1	-1	-1	0x80000a00	0x00000000
1524124538.37	111	4	141	141	-1	-1	-1	-1	-1	-1	-1	-1	0x80000a00	0x00000000
1524124539.39	111	4	141	141	-1	-1	-1	-1	-1	-1	-1	-1	0x80000a00	0x00000000
1524124540.35	111	4	141	141	-1	-1	-1	-1	-1	-1	-1	-1	0x80000a00	0x00000000
1524124541.37	111	4	141	141	-1	-1	-1	-1	-1	-1	-1	-1	0x80000a00	0x00000000
1524124542.38	111	4	141	141	-1	-1	-1	-1	-1	-1	-1	-1	0x80000a00	0x00000000
1524124543.35	111	4	141	141	-1	-1	-1	-1	-1	-1	-1	-1	0x80000a00	0x00000000
1524124544.36	111	4	144	144	-1	-1	-1	-1	-1	-1	-1	-1	0x80000a00	0x00000000
1524124545.37	111	4	144	144	-1	-1	-1	-1	-1	-1	-1	-1	0x80000a00	0x00000000
1524124546.39	111	4	144	144	-1	-1	-1	-1	-1	-1	-1	-1	0x80000a00	0x00000000
1524124547.35	111	4	144	144	-1	-1	-1	-1	-1	-1	-1	-1	0x80000a00	0x00000000
1524124548.37	111	4	147	147	-1	-1	-1	-1	-1	-1	-1	-1	0x80000a00	0x00000000
1524124549.38	111	4	147	147	-1	-1	-1	-1	-1	-1	-1	-1	0x80000a00	0x00000000
1524124550.35	111	4	147	147	-1	-1	-1	-1	-1	-1	-1	-1	0x80000a00	0x00000000
1524124551.36	111	4	147	147	-1	-1	-1	-1	-1	-1	-1	-1	0xc0001a00	0x00000000
1524124552.64	111	4	150	150	-1	-1	-1	-1	-1	-1	-1	-1	0xc0001a00	0x00000000
1524124553.38	111	4	150	150	-1	-1	-1	-1	-1	-1	-1	-1	0xc0001a00	0x00000000
1524124554.39	111	4	151	151	-1	-1	-1	-1	-1	-1	-1	-1	0xc0001a00	0x00000000
1524124555.35	111	4	151	151	-1	-1	-1	-1	-1	-1	-1	-1	0xc0001a00	0x00000000
1524124556.37	111	4	150	150	-1	-1	-1	-1	-1	-1	-1	-1	0xc0001a00	0x00000000
1524124557.38	111	4	150	150	-1	-1	-1	-1	-1	-1	-1	-1	0xc0001a00	0x00000000
1524124558.35	111	4	147	147	-1	-1	-1	-1	-1	-1	-1	-1	0xc0001a00	0x00000000
1524124559.36	111	4	147	147	-1	-1	-1	-1	-1	-1	-1	-1	0xc0001a00	0x00000000
1524124560.37	111	4	151	151	-1	-1	-1	-1	-1	-1	-1	-1	0xc0001a00	0x00000000
1524124561.39	111	4	151	151	-1	-1	-1	-1	-1	-1	-1	-1	0xc0001a00	0x00000000
1524124562.35	111	4	151	151	-1	-1	-1	-1	-1	-1	-1	-1	0xc0001a00	0x00000000
1524124563.37	111	4	151	151	-1	-1	-1	-1	-1	-1	-1	-1	0xc0001a00	0x00000000
1524124564.38	111	4	153	153	-1	-1	-1	-1	-1	-1	-1	-1	0xc0001a00	0x00000000
1524124565.35	111	4	153	153	-1	-1	-1	-1	-1	-1	-1	-1	0xc0001a00	0x00000000
1524124566.36	111	4	153	153	-1	-1	-1	-1	-1	-1	-1	-1	0xc0001a00	0x00000000
1524124567.37	111	4	153	153	-1	-1	-1	-1	-1	-1	-1	-1	0xc0001a00	0x00000000
1524124568.39	111	4	154	154	-1	-1	-1	-1	-1	-1	-1	-1	0xc0001a00	0x00000000
1524124569.35	111	4	154	154	-1	-1	-1	-1	-1	-1	-1	-1	0xc0001a00	0x00000000
1524124570.37	111	4	154	154	-1	-1	-1	-1	-1	-1	-1	-1	0xc0001a00	0x00000000
1524124571.38	111	4	154	154	-1	-1	-1	-1	-1	-1	-1	-1	0xc0001a00	0x00000000
1524124572.35	111	4	156	156	-1	-1	-1	-1	-1	-1	-1	-1	0xc0001a00	0x00000000
1524124573.36	111	4	156	156	-1	-1	-1	-1	-1	-1	-1	-1	0xc0001a00	0x00000000
1524124574.37	111	4	160	160	-1	-1	-1	-1	-1	-1	-1	-1	0xc0001a00	0x00000000
1524124575.39	111	4	160	160	-1	-1	-1	-1	-1	-1	-1	-1	0xc0001a00	0x00000000
1524124576.35	111	4	158	158	-1	-1	-1	-1	-1	-1	-1	-1	0xc0001a00	0x00000000
1524124577.37	111	4	158	158	-1	-1	-1	-1	-1	-1	-1	-1	0xc0001a00	0x00000000
1524124578.38	111	4	159	159	-1	-1	-1	-1	-1	-1	-1	-1	0xc0001a00	0x00000000
1524124579.35	111	4	159	159	-1	-1	-1	-1	-1	-1	-1	-1	0xc0001a00	0x00000000
